image: 3d_test-2.pgm
resolution: 0.050000
origin: [-7.827349, -8.612712, 0.000000]
negate: 0
occupied_thresh: 0.65
free_thresh: 0.196

