image: 3d_test.pgm
resolution: 0.050000
origin: [-6.900000, -8.400000, 0.000000]
negate: 0
occupied_thresh: 0.65
free_thresh: 0.196

